Number of sequences in alignment file:	5541
Neff:	2265.8900786612826
Alignment sequence length:	161
|Train : Update 0. Negative ELBO : 30993.459, BCE: 575.127, KLD_latent: 225.829, KLD_decoder_params_norm: 30192.504, Time: 0.38 |
|Train : Update 1000. Negative ELBO : 30189.490, BCE: 327.477, KLD_latent: 3.565, KLD_decoder_params_norm: 29858.449, Time: 41.47 |
|Train : Update 2000. Negative ELBO : 29835.061, BCE: 303.698, KLD_latent: 7.877, KLD_decoder_params_norm: 29523.486, Time: 83.59 |
|Train : Update 3000. Negative ELBO : 29486.678, BCE: 287.905, KLD_latent: 10.140, KLD_decoder_params_norm: 29188.633, Time: 127.91 |
|Train : Update 4000. Negative ELBO : 29141.273, BCE: 274.987, KLD_latent: 12.283, KLD_decoder_params_norm: 28854.004, Time: 171.80 |
|Train : Update 5000. Negative ELBO : 28802.311, BCE: 268.983, KLD_latent: 13.645, KLD_decoder_params_norm: 28519.684, Time: 214.41 |
|Train : Update 6000. Negative ELBO : 28462.898, BCE: 262.660, KLD_latent: 14.514, KLD_decoder_params_norm: 28185.725, Time: 259.22 |
|Train : Update 7000. Negative ELBO : 28121.896, BCE: 253.999, KLD_latent: 15.729, KLD_decoder_params_norm: 27852.170, Time: 302.36 |
|Train : Update 8000. Negative ELBO : 27779.102, BCE: 242.887, KLD_latent: 17.106, KLD_decoder_params_norm: 27519.109, Time: 345.42 |
|Train : Update 9000. Negative ELBO : 27439.059, BCE: 233.681, KLD_latent: 18.733, KLD_decoder_params_norm: 27186.645, Time: 388.63 |
|Train : Update 10000. Negative ELBO : 27103.824, BCE: 229.822, KLD_latent: 19.157, KLD_decoder_params_norm: 26854.844, Time: 431.21 |
|Train : Update 11000. Negative ELBO : 26770.900, BCE: 226.254, KLD_latent: 20.879, KLD_decoder_params_norm: 26523.768, Time: 473.99 |
|Train : Update 12000. Negative ELBO : 26429.514, BCE: 214.978, KLD_latent: 21.046, KLD_decoder_params_norm: 26193.490, Time: 517.90 |
|Train : Update 13000. Negative ELBO : 26096.615, BCE: 210.726, KLD_latent: 21.877, KLD_decoder_params_norm: 25864.012, Time: 549.35 |
|Train : Update 14000. Negative ELBO : 25764.334, BCE: 206.245, KLD_latent: 22.751, KLD_decoder_params_norm: 25535.338, Time: 591.53 |
|Train : Update 15000. Negative ELBO : 25437.480, BCE: 206.896, KLD_latent: 23.146, KLD_decoder_params_norm: 25207.438, Time: 642.37 |
|Train : Update 16000. Negative ELBO : 25102.604, BCE: 198.819, KLD_latent: 23.503, KLD_decoder_params_norm: 24880.281, Time: 694.24 |
|Train : Update 17000. Negative ELBO : 24774.609, BCE: 196.477, KLD_latent: 24.276, KLD_decoder_params_norm: 24553.857, Time: 747.05 |
|Train : Update 18000. Negative ELBO : 24443.949, BCE: 191.754, KLD_latent: 24.053, KLD_decoder_params_norm: 24228.143, Time: 800.14 |
|Train : Update 19000. Negative ELBO : 24117.219, BCE: 189.136, KLD_latent: 25.021, KLD_decoder_params_norm: 23903.061, Time: 856.91 |
|Train : Update 20000. Negative ELBO : 23788.734, BCE: 185.469, KLD_latent: 24.694, KLD_decoder_params_norm: 23578.572, Time: 907.80 |
|Train : Update 21000. Negative ELBO : 23462.084, BCE: 181.876, KLD_latent: 25.511, KLD_decoder_params_norm: 23254.695, Time: 961.36 |
|Train : Update 22000. Negative ELBO : 23138.525, BCE: 181.118, KLD_latent: 26.011, KLD_decoder_params_norm: 22931.395, Time: 1014.91 |
|Train : Update 23000. Negative ELBO : 22813.119, BCE: 178.608, KLD_latent: 25.892, KLD_decoder_params_norm: 22608.619, Time: 1068.66 |
|Train : Update 24000. Negative ELBO : 22492.830, BCE: 179.934, KLD_latent: 26.556, KLD_decoder_params_norm: 22286.340, Time: 1121.18 |
|Train : Update 25000. Negative ELBO : 22167.014, BCE: 175.894, KLD_latent: 26.591, KLD_decoder_params_norm: 21964.529, Time: 1172.63 |
|Train : Update 26000. Negative ELBO : 21838.662, BCE: 168.859, KLD_latent: 26.603, KLD_decoder_params_norm: 21643.199, Time: 1224.72 |
|Train : Update 27000. Negative ELBO : 21521.453, BCE: 172.846, KLD_latent: 26.286, KLD_decoder_params_norm: 21322.322, Time: 1282.83 |
|Train : Update 28000. Negative ELBO : 21203.414, BCE: 174.991, KLD_latent: 26.546, KLD_decoder_params_norm: 21001.879, Time: 1338.09 |
|Train : Update 29000. Negative ELBO : 20874.668, BCE: 166.246, KLD_latent: 26.545, KLD_decoder_params_norm: 20681.877, Time: 1395.43 |
|Train : Update 30000. Negative ELBO : 20554.943, BCE: 166.044, KLD_latent: 26.584, KLD_decoder_params_norm: 20362.314, Time: 1452.01 |
|Train : Update 31000. Negative ELBO : 20237.773, BCE: 167.586, KLD_latent: 27.038, KLD_decoder_params_norm: 20043.150, Time: 1510.77 |
|Train : Update 32000. Negative ELBO : 19924.285, BCE: 172.579, KLD_latent: 27.298, KLD_decoder_params_norm: 19724.406, Time: 1573.84 |
|Train : Update 33000. Negative ELBO : 19601.521, BCE: 168.439, KLD_latent: 27.015, KLD_decoder_params_norm: 19406.066, Time: 1648.47 |
|Train : Update 34000. Negative ELBO : 19281.291, BCE: 165.920, KLD_latent: 27.236, KLD_decoder_params_norm: 19088.135, Time: 1722.88 |
|Train : Update 35000. Negative ELBO : 18966.326, BCE: 168.196, KLD_latent: 27.536, KLD_decoder_params_norm: 18770.594, Time: 1805.47 |
|Train : Update 36000. Negative ELBO : 18647.609, BCE: 166.783, KLD_latent: 27.334, KLD_decoder_params_norm: 18453.492, Time: 1893.77 |
|Train : Update 37000. Negative ELBO : 18331.254, BCE: 167.386, KLD_latent: 27.045, KLD_decoder_params_norm: 18136.824, Time: 1991.24 |
|Train : Update 38000. Negative ELBO : 18013.643, BCE: 165.756, KLD_latent: 27.313, KLD_decoder_params_norm: 17820.574, Time: 2083.40 |
|Train : Update 39000. Negative ELBO : 17695.295, BCE: 163.233, KLD_latent: 27.314, KLD_decoder_params_norm: 17504.748, Time: 2174.10 |
|Train : Update 40000. Negative ELBO : 17381.604, BCE: 164.848, KLD_latent: 27.418, KLD_decoder_params_norm: 17189.338, Time: 2265.67 |
|Train : Update 41000. Negative ELBO : 17069.461, BCE: 167.888, KLD_latent: 27.195, KLD_decoder_params_norm: 16874.377, Time: 2352.26 |
|Train : Update 42000. Negative ELBO : 16749.549, BCE: 161.999, KLD_latent: 27.661, KLD_decoder_params_norm: 16559.887, Time: 2440.64 |
|Train : Update 43000. Negative ELBO : 16437.680, BCE: 164.684, KLD_latent: 27.153, KLD_decoder_params_norm: 16245.843, Time: 2522.34 |
|Train : Update 44000. Negative ELBO : 16123.176, BCE: 163.235, KLD_latent: 27.635, KLD_decoder_params_norm: 15932.307, Time: 2614.00 |
|Train : Update 45000. Negative ELBO : 15812.308, BCE: 165.938, KLD_latent: 27.094, KLD_decoder_params_norm: 15619.276, Time: 2698.90 |
|Train : Update 46000. Negative ELBO : 15507.269, BCE: 173.154, KLD_latent: 27.379, KLD_decoder_params_norm: 15306.735, Time: 2785.33 |
|Train : Update 47000. Negative ELBO : 15189.608, BCE: 167.853, KLD_latent: 27.022, KLD_decoder_params_norm: 14994.734, Time: 2873.05 |
|Train : Update 48000. Negative ELBO : 14874.313, BCE: 163.253, KLD_latent: 27.781, KLD_decoder_params_norm: 14683.279, Time: 2960.13 |
|Train : Update 49000. Negative ELBO : 14563.081, BCE: 163.178, KLD_latent: 27.485, KLD_decoder_params_norm: 14372.417, Time: 3047.27 |
|Train : Update 50000. Negative ELBO : 14253.293, BCE: 163.967, KLD_latent: 27.172, KLD_decoder_params_norm: 14062.154, Time: 3135.15 |
|Train : Update 51000. Negative ELBO : 13948.490, BCE: 168.326, KLD_latent: 27.606, KLD_decoder_params_norm: 13752.559, Time: 3223.19 |
|Train : Update 52000. Negative ELBO : 13637.469, BCE: 166.391, KLD_latent: 27.472, KLD_decoder_params_norm: 13443.604, Time: 3312.92 |
|Train : Update 53000. Negative ELBO : 13326.027, BCE: 163.108, KLD_latent: 27.562, KLD_decoder_params_norm: 13135.357, Time: 3401.37 |
|Train : Update 54000. Negative ELBO : 13025.161, BCE: 169.971, KLD_latent: 27.328, KLD_decoder_params_norm: 12827.862, Time: 3485.72 |
|Train : Update 55000. Negative ELBO : 12717.963, BCE: 169.815, KLD_latent: 27.004, KLD_decoder_params_norm: 12521.145, Time: 3570.44 |
|Train : Update 56000. Negative ELBO : 12408.844, BCE: 166.400, KLD_latent: 27.192, KLD_decoder_params_norm: 12215.252, Time: 3656.73 |
|Train : Update 57000. Negative ELBO : 12105.179, BCE: 167.704, KLD_latent: 27.267, KLD_decoder_params_norm: 11910.208, Time: 3747.28 |
|Train : Update 58000. Negative ELBO : 11805.302, BCE: 172.088, KLD_latent: 27.139, KLD_decoder_params_norm: 11606.073, Time: 3819.73 |
|Train : Update 59000. Negative ELBO : 11499.515, BCE: 169.089, KLD_latent: 27.556, KLD_decoder_params_norm: 11302.870, Time: 3897.90 |
|Train : Update 60000. Negative ELBO : 11198.940, BCE: 170.814, KLD_latent: 27.475, KLD_decoder_params_norm: 11000.652, Time: 3972.51 |
|Train : Update 61000. Negative ELBO : 10896.470, BCE: 169.889, KLD_latent: 27.191, KLD_decoder_params_norm: 10699.391, Time: 4044.52 |
|Train : Update 62000. Negative ELBO : 10600.520, BCE: 173.903, KLD_latent: 27.394, KLD_decoder_params_norm: 10399.222, Time: 4116.97 |
|Train : Update 63000. Negative ELBO : 10304.369, BCE: 177.071, KLD_latent: 27.059, KLD_decoder_params_norm: 10100.239, Time: 4188.10 |
|Train : Update 64000. Negative ELBO : 10003.140, BCE: 173.140, KLD_latent: 27.487, KLD_decoder_params_norm: 9802.513, Time: 4257.94 |
|Train : Update 65000. Negative ELBO : 9704.895, BCE: 171.862, KLD_latent: 26.901, KLD_decoder_params_norm: 9506.132, Time: 4327.51 |
|Train : Update 66000. Negative ELBO : 9405.143, BCE: 167.017, KLD_latent: 26.975, KLD_decoder_params_norm: 9211.151, Time: 4401.06 |
|Train : Update 67000. Negative ELBO : 9115.175, BCE: 170.355, KLD_latent: 27.129, KLD_decoder_params_norm: 8917.690, Time: 4473.50 |
|Train : Update 68000. Negative ELBO : 8826.061, BCE: 173.172, KLD_latent: 27.060, KLD_decoder_params_norm: 8625.828, Time: 4546.02 |
|Train : Update 69000. Negative ELBO : 8543.841, BCE: 180.966, KLD_latent: 27.168, KLD_decoder_params_norm: 8335.707, Time: 4619.36 |
|Train : Update 70000. Negative ELBO : 8256.509, BCE: 182.325, KLD_latent: 26.773, KLD_decoder_params_norm: 8047.411, Time: 4686.84 |
|Train : Update 71000. Negative ELBO : 7970.182, BCE: 181.906, KLD_latent: 27.160, KLD_decoder_params_norm: 7761.115, Time: 4758.64 |
|Train : Update 72000. Negative ELBO : 7685.538, BCE: 181.823, KLD_latent: 26.779, KLD_decoder_params_norm: 7476.935, Time: 4832.38 |
|Train : Update 73000. Negative ELBO : 7408.397, BCE: 186.651, KLD_latent: 26.730, KLD_decoder_params_norm: 7195.016, Time: 4904.41 |
|Train : Update 74000. Negative ELBO : 7121.140, BCE: 179.134, KLD_latent: 26.453, KLD_decoder_params_norm: 6915.553, Time: 4971.90 |
|Train : Update 75000. Negative ELBO : 6850.588, BCE: 185.324, KLD_latent: 26.511, KLD_decoder_params_norm: 6638.752, Time: 5043.31 |
|Train : Update 76000. Negative ELBO : 6585.797, BCE: 194.623, KLD_latent: 26.428, KLD_decoder_params_norm: 6364.746, Time: 5115.77 |
|Train : Update 77000. Negative ELBO : 6310.549, BCE: 189.973, KLD_latent: 26.801, KLD_decoder_params_norm: 6093.775, Time: 5191.12 |
|Train : Update 78000. Negative ELBO : 6044.268, BCE: 191.598, KLD_latent: 26.617, KLD_decoder_params_norm: 5826.053, Time: 5262.04 |
|Train : Update 79000. Negative ELBO : 5779.943, BCE: 192.035, KLD_latent: 26.116, KLD_decoder_params_norm: 5561.792, Time: 5333.01 |
|Train : Update 80000. Negative ELBO : 5522.483, BCE: 194.878, KLD_latent: 26.309, KLD_decoder_params_norm: 5301.295, Time: 5405.54 |
|Train : Update 81000. Negative ELBO : 5267.961, BCE: 196.757, KLD_latent: 26.373, KLD_decoder_params_norm: 5044.832, Time: 5477.80 |
|Train : Update 82000. Negative ELBO : 5015.334, BCE: 196.554, KLD_latent: 26.037, KLD_decoder_params_norm: 4792.744, Time: 5543.67 |
|Train : Update 83000. Negative ELBO : 4777.088, BCE: 205.815, KLD_latent: 25.924, KLD_decoder_params_norm: 4545.349, Time: 5615.13 |
|Train : Update 84000. Negative ELBO : 4531.360, BCE: 202.673, KLD_latent: 25.676, KLD_decoder_params_norm: 4303.011, Time: 5682.15 |
|Train : Update 85000. Negative ELBO : 4296.068, BCE: 203.967, KLD_latent: 26.064, KLD_decoder_params_norm: 4066.037, Time: 5738.26 |
|Train : Update 86000. Negative ELBO : 4065.541, BCE: 204.964, KLD_latent: 25.700, KLD_decoder_params_norm: 3834.877, Time: 5796.27 |
|Train : Update 87000. Negative ELBO : 3843.000, BCE: 207.765, KLD_latent: 25.272, KLD_decoder_params_norm: 3609.963, Time: 5853.38 |
|Train : Update 88000. Negative ELBO : 3629.726, BCE: 212.864, KLD_latent: 25.098, KLD_decoder_params_norm: 3391.765, Time: 5912.64 |
|Train : Update 89000. Negative ELBO : 3419.398, BCE: 213.780, KLD_latent: 24.849, KLD_decoder_params_norm: 3180.769, Time: 5970.48 |
|Train : Update 90000. Negative ELBO : 3222.096, BCE: 219.766, KLD_latent: 24.830, KLD_decoder_params_norm: 2977.500, Time: 6028.07 |
|Train : Update 91000. Negative ELBO : 3024.789, BCE: 217.825, KLD_latent: 24.503, KLD_decoder_params_norm: 2782.461, Time: 6085.89 |
|Train : Update 92000. Negative ELBO : 2846.339, BCE: 225.835, KLD_latent: 24.187, KLD_decoder_params_norm: 2596.316, Time: 6142.38 |
|Train : Update 93000. Negative ELBO : 2665.696, BCE: 221.814, KLD_latent: 24.358, KLD_decoder_params_norm: 2419.524, Time: 6199.84 |
|Train : Update 94000. Negative ELBO : 2508.936, BCE: 231.841, KLD_latent: 24.346, KLD_decoder_params_norm: 2252.748, Time: 6254.36 |
|Train : Update 95000. Negative ELBO : 2351.796, BCE: 231.216, KLD_latent: 24.004, KLD_decoder_params_norm: 2096.576, Time: 6304.79 |
|Train : Update 96000. Negative ELBO : 2208.589, BCE: 233.380, KLD_latent: 23.600, KLD_decoder_params_norm: 1951.609, Time: 6361.90 |
|Train : Update 97000. Negative ELBO : 2078.199, BCE: 236.878, KLD_latent: 23.040, KLD_decoder_params_norm: 1818.282, Time: 6418.77 |
|Train : Update 98000. Negative ELBO : 1962.869, BCE: 243.066, KLD_latent: 22.855, KLD_decoder_params_norm: 1696.948, Time: 6476.77 |
|Train : Update 99000. Negative ELBO : 1852.208, BCE: 241.635, KLD_latent: 22.784, KLD_decoder_params_norm: 1587.789, Time: 6534.62 |
|Train : Update 100000. Negative ELBO : 1763.597, BCE: 250.571, KLD_latent: 22.377, KLD_decoder_params_norm: 1490.650, Time: 6592.16 |
|Train : Update 101000. Negative ELBO : 1674.655, BCE: 247.642, KLD_latent: 22.236, KLD_decoder_params_norm: 1404.776, Time: 6639.86 |
|Train : Update 102000. Negative ELBO : 1604.439, BCE: 254.087, KLD_latent: 21.591, KLD_decoder_params_norm: 1328.761, Time: 6684.77 |
|Train : Update 103000. Negative ELBO : 1541.766, BCE: 259.815, KLD_latent: 21.335, KLD_decoder_params_norm: 1260.616, Time: 6730.27 |
|Train : Update 104000. Negative ELBO : 1474.772, BCE: 255.564, KLD_latent: 20.975, KLD_decoder_params_norm: 1198.233, Time: 6775.86 |
|Train : Update 105000. Negative ELBO : 1419.797, BCE: 258.867, KLD_latent: 20.655, KLD_decoder_params_norm: 1140.276, Time: 6821.32 |
|Train : Update 106000. Negative ELBO : 1371.310, BCE: 264.877, KLD_latent: 20.457, KLD_decoder_params_norm: 1085.976, Time: 6866.87 |
|Train : Update 107000. Negative ELBO : 1323.383, BCE: 268.487, KLD_latent: 19.978, KLD_decoder_params_norm: 1034.918, Time: 6912.18 |
|Train : Update 108000. Negative ELBO : 1278.225, BCE: 271.761, KLD_latent: 19.737, KLD_decoder_params_norm: 986.727, Time: 6957.28 |
|Train : Update 109000. Negative ELBO : 1236.056, BCE: 275.597, KLD_latent: 19.296, KLD_decoder_params_norm: 941.164, Time: 7002.18 |
|Train : Update 110000. Negative ELBO : 1188.842, BCE: 272.456, KLD_latent: 18.359, KLD_decoder_params_norm: 898.026, Time: 7046.99 |
|Train : Update 111000. Negative ELBO : 1156.133, BCE: 280.763, KLD_latent: 18.234, KLD_decoder_params_norm: 857.136, Time: 7091.81 |
|Train : Update 112000. Negative ELBO : 1114.551, BCE: 278.547, KLD_latent: 17.700, KLD_decoder_params_norm: 818.305, Time: 7136.82 |
|Train : Update 113000. Negative ELBO : 1076.843, BCE: 278.184, KLD_latent: 17.279, KLD_decoder_params_norm: 781.380, Time: 7181.74 |
|Train : Update 114000. Negative ELBO : 1046.662, BCE: 283.769, KLD_latent: 16.655, KLD_decoder_params_norm: 746.238, Time: 7226.75 |
|Train : Update 115000. Negative ELBO : 1012.887, BCE: 283.852, KLD_latent: 16.233, KLD_decoder_params_norm: 712.802, Time: 7271.74 |
|Train : Update 116000. Negative ELBO : 977.368, BCE: 280.686, KLD_latent: 15.725, KLD_decoder_params_norm: 680.957, Time: 7316.72 |
|Train : Update 117000. Negative ELBO : 955.186, BCE: 289.118, KLD_latent: 15.463, KLD_decoder_params_norm: 650.605, Time: 7361.62 |
|Train : Update 118000. Negative ELBO : 927.896, BCE: 291.109, KLD_latent: 15.109, KLD_decoder_params_norm: 621.678, Time: 7406.64 |
|Train : Update 119000. Negative ELBO : 899.163, BCE: 290.445, KLD_latent: 14.606, KLD_decoder_params_norm: 594.113, Time: 7451.53 |
|Train : Update 120000. Negative ELBO : 873.063, BCE: 290.572, KLD_latent: 14.687, KLD_decoder_params_norm: 567.805, Time: 7496.44 |
|Train : Update 121000. Negative ELBO : 852.311, BCE: 295.301, KLD_latent: 14.305, KLD_decoder_params_norm: 542.704, Time: 7541.32 |
|Train : Update 122000. Negative ELBO : 826.926, BCE: 294.704, KLD_latent: 13.441, KLD_decoder_params_norm: 518.781, Time: 7586.22 |
|Train : Update 123000. Negative ELBO : 805.139, BCE: 295.390, KLD_latent: 13.804, KLD_decoder_params_norm: 495.946, Time: 7631.21 |
|Train : Update 124000. Negative ELBO : 778.806, BCE: 291.225, KLD_latent: 13.453, KLD_decoder_params_norm: 474.127, Time: 7676.13 |
|Train : Update 125000. Negative ELBO : 762.385, BCE: 295.630, KLD_latent: 13.422, KLD_decoder_params_norm: 453.333, Time: 7721.14 |
|Train : Update 126000. Negative ELBO : 742.427, BCE: 295.868, KLD_latent: 13.081, KLD_decoder_params_norm: 433.478, Time: 7766.06 |
|Train : Update 127000. Negative ELBO : 720.805, BCE: 293.577, KLD_latent: 12.723, KLD_decoder_params_norm: 414.505, Time: 7810.92 |
|Train : Update 128000. Negative ELBO : 705.224, BCE: 296.464, KLD_latent: 12.364, KLD_decoder_params_norm: 396.396, Time: 7855.92 |
|Train : Update 129000. Negative ELBO : 687.943, BCE: 296.278, KLD_latent: 12.574, KLD_decoder_params_norm: 379.091, Time: 7900.80 |
|Train : Update 130000. Negative ELBO : 678.047, BCE: 303.322, KLD_latent: 12.162, KLD_decoder_params_norm: 362.563, Time: 7945.66 |
|Train : Update 131000. Negative ELBO : 652.294, BCE: 293.386, KLD_latent: 12.073, KLD_decoder_params_norm: 346.835, Time: 7990.41 |
|Train : Update 132000. Negative ELBO : 642.875, BCE: 299.414, KLD_latent: 11.638, KLD_decoder_params_norm: 331.823, Time: 8035.39 |
|Train : Update 133000. Negative ELBO : 631.403, BCE: 301.925, KLD_latent: 11.977, KLD_decoder_params_norm: 317.500, Time: 8080.40 |
|Train : Update 134000. Negative ELBO : 615.934, BCE: 300.070, KLD_latent: 11.971, KLD_decoder_params_norm: 303.894, Time: 8125.34 |
|Train : Update 135000. Negative ELBO : 603.235, BCE: 300.164, KLD_latent: 12.123, KLD_decoder_params_norm: 290.947, Time: 8170.20 |
|Train : Update 136000. Negative ELBO : 587.679, BCE: 297.533, KLD_latent: 11.505, KLD_decoder_params_norm: 278.641, Time: 8215.07 |
|Train : Update 137000. Negative ELBO : 580.156, BCE: 301.269, KLD_latent: 11.958, KLD_decoder_params_norm: 266.929, Time: 8260.08 |
|Train : Update 138000. Negative ELBO : 566.061, BCE: 298.643, KLD_latent: 11.579, KLD_decoder_params_norm: 255.839, Time: 8305.02 |
|Train : Update 139000. Negative ELBO : 554.742, BCE: 297.932, KLD_latent: 11.498, KLD_decoder_params_norm: 245.312, Time: 8350.04 |
|Train : Update 140000. Negative ELBO : 548.549, BCE: 301.933, KLD_latent: 11.246, KLD_decoder_params_norm: 235.370, Time: 8395.49 |
|Train : Update 141000. Negative ELBO : 536.200, BCE: 299.417, KLD_latent: 10.837, KLD_decoder_params_norm: 225.945, Time: 8440.54 |
|Train : Update 142000. Negative ELBO : 528.314, BCE: 299.860, KLD_latent: 11.407, KLD_decoder_params_norm: 217.046, Time: 8485.56 |
|Train : Update 143000. Negative ELBO : 521.887, BCE: 301.996, KLD_latent: 11.224, KLD_decoder_params_norm: 208.668, Time: 8530.66 |
|Train : Update 144000. Negative ELBO : 510.973, BCE: 299.463, KLD_latent: 10.761, KLD_decoder_params_norm: 200.749, Time: 8575.58 |
|Train : Update 145000. Negative ELBO : 502.234, BCE: 297.828, KLD_latent: 11.120, KLD_decoder_params_norm: 193.286, Time: 8620.49 |
|Train : Update 146000. Negative ELBO : 500.533, BCE: 303.047, KLD_latent: 11.201, KLD_decoder_params_norm: 186.285, Time: 8665.42 |
|Train : Update 147000. Negative ELBO : 495.734, BCE: 305.019, KLD_latent: 11.037, KLD_decoder_params_norm: 179.678, Time: 8710.27 |
|Train : Update 148000. Negative ELBO : 490.884, BCE: 306.467, KLD_latent: 10.937, KLD_decoder_params_norm: 173.480, Time: 8755.28 |
|Train : Update 149000. Negative ELBO : 482.340, BCE: 303.777, KLD_latent: 10.910, KLD_decoder_params_norm: 167.653, Time: 8800.85 |
|Train : Update 150000. Negative ELBO : 478.535, BCE: 305.325, KLD_latent: 11.023, KLD_decoder_params_norm: 162.187, Time: 8846.60 |
|Train : Update 151000. Negative ELBO : 472.317, BCE: 304.214, KLD_latent: 11.057, KLD_decoder_params_norm: 157.045, Time: 8891.89 |
|Train : Update 152000. Negative ELBO : 466.211, BCE: 303.174, KLD_latent: 10.781, KLD_decoder_params_norm: 152.255, Time: 8936.82 |
|Train : Update 153000. Negative ELBO : 460.205, BCE: 301.475, KLD_latent: 11.002, KLD_decoder_params_norm: 147.728, Time: 8981.80 |
|Train : Update 154000. Negative ELBO : 453.362, BCE: 299.158, KLD_latent: 10.713, KLD_decoder_params_norm: 143.490, Time: 9026.91 |
|Train : Update 155000. Negative ELBO : 452.473, BCE: 301.998, KLD_latent: 10.984, KLD_decoder_params_norm: 139.491, Time: 9071.81 |
|Train : Update 156000. Negative ELBO : 454.668, BCE: 308.083, KLD_latent: 10.834, KLD_decoder_params_norm: 135.752, Time: 9116.54 |
|Train : Update 157000. Negative ELBO : 442.102, BCE: 299.322, KLD_latent: 10.554, KLD_decoder_params_norm: 132.226, Time: 9161.41 |
|Train : Update 158000. Negative ELBO : 440.675, BCE: 301.197, KLD_latent: 10.569, KLD_decoder_params_norm: 128.909, Time: 9206.34 |
|Train : Update 159000. Negative ELBO : 439.619, BCE: 303.504, KLD_latent: 10.321, KLD_decoder_params_norm: 125.794, Time: 9251.21 |
|Train : Update 160000. Negative ELBO : 435.085, BCE: 302.037, KLD_latent: 10.199, KLD_decoder_params_norm: 122.849, Time: 9296.25 |
|Train : Update 161000. Negative ELBO : 435.472, BCE: 304.977, KLD_latent: 10.422, KLD_decoder_params_norm: 120.074, Time: 9341.16 |
|Train : Update 162000. Negative ELBO : 430.486, BCE: 302.339, KLD_latent: 10.683, KLD_decoder_params_norm: 117.465, Time: 9386.10 |
|Train : Update 163000. Negative ELBO : 427.344, BCE: 301.866, KLD_latent: 10.478, KLD_decoder_params_norm: 115.000, Time: 9430.98 |
|Train : Update 164000. Negative ELBO : 426.863, BCE: 303.762, KLD_latent: 10.438, KLD_decoder_params_norm: 112.663, Time: 9475.72 |
|Train : Update 165000. Negative ELBO : 422.721, BCE: 301.534, KLD_latent: 10.745, KLD_decoder_params_norm: 110.442, Time: 9520.67 |
|Train : Update 166000. Negative ELBO : 425.830, BCE: 306.657, KLD_latent: 10.846, KLD_decoder_params_norm: 108.327, Time: 9565.45 |
|Train : Update 167000. Negative ELBO : 420.053, BCE: 303.199, KLD_latent: 10.522, KLD_decoder_params_norm: 106.333, Time: 9610.49 |
|Train : Update 168000. Negative ELBO : 416.018, BCE: 301.343, KLD_latent: 10.243, KLD_decoder_params_norm: 104.432, Time: 9655.72 |
|Train : Update 169000. Negative ELBO : 415.505, BCE: 302.431, KLD_latent: 10.461, KLD_decoder_params_norm: 102.613, Time: 9700.59 |
|Train : Update 170000. Negative ELBO : 415.461, BCE: 304.360, KLD_latent: 10.202, KLD_decoder_params_norm: 100.898, Time: 9745.42 |
|Train : Update 171000. Negative ELBO : 411.115, BCE: 301.738, KLD_latent: 10.108, KLD_decoder_params_norm: 99.269, Time: 9790.27 |
|Train : Update 172000. Negative ELBO : 406.731, BCE: 298.845, KLD_latent: 10.196, KLD_decoder_params_norm: 97.691, Time: 9834.99 |
|Train : Update 173000. Negative ELBO : 411.583, BCE: 304.853, KLD_latent: 10.523, KLD_decoder_params_norm: 96.206, Time: 9879.85 |
|Train : Update 174000. Negative ELBO : 408.859, BCE: 303.653, KLD_latent: 10.444, KLD_decoder_params_norm: 94.762, Time: 9924.68 |
|Train : Update 175000. Negative ELBO : 402.815, BCE: 299.095, KLD_latent: 10.322, KLD_decoder_params_norm: 93.399, Time: 9969.43 |
|Train : Update 176000. Negative ELBO : 406.168, BCE: 303.653, KLD_latent: 10.433, KLD_decoder_params_norm: 92.082, Time: 10014.32 |
|Train : Update 177000. Negative ELBO : 405.602, BCE: 304.583, KLD_latent: 10.192, KLD_decoder_params_norm: 90.828, Time: 10059.32 |
|Train : Update 178000. Negative ELBO : 401.577, BCE: 301.958, KLD_latent: 9.995, KLD_decoder_params_norm: 89.624, Time: 10104.32 |
|Train : Update 179000. Negative ELBO : 397.598, BCE: 298.691, KLD_latent: 10.430, KLD_decoder_params_norm: 88.477, Time: 10149.69 |
|Train : Update 180000. Negative ELBO : 403.633, BCE: 306.084, KLD_latent: 10.175, KLD_decoder_params_norm: 87.374, Time: 10194.74 |
|Train : Update 181000. Negative ELBO : 400.913, BCE: 304.582, KLD_latent: 10.025, KLD_decoder_params_norm: 86.306, Time: 10240.39 |
|Train : Update 182000. Negative ELBO : 401.379, BCE: 305.882, KLD_latent: 10.221, KLD_decoder_params_norm: 85.275, Time: 10285.80 |
|Train : Update 183000. Negative ELBO : 397.773, BCE: 303.089, KLD_latent: 10.403, KLD_decoder_params_norm: 84.281, Time: 10331.41 |
|Train : Update 184000. Negative ELBO : 397.001, BCE: 303.728, KLD_latent: 9.937, KLD_decoder_params_norm: 83.336, Time: 10376.47 |
|Train : Update 185000. Negative ELBO : 391.781, BCE: 298.941, KLD_latent: 10.420, KLD_decoder_params_norm: 82.421, Time: 10422.02 |
|Train : Update 186000. Negative ELBO : 395.707, BCE: 303.909, KLD_latent: 10.254, KLD_decoder_params_norm: 81.544, Time: 10467.50 |
|Train : Update 187000. Negative ELBO : 395.191, BCE: 304.300, KLD_latent: 10.185, KLD_decoder_params_norm: 80.705, Time: 10513.16 |
|Train : Update 188000. Negative ELBO : 394.270, BCE: 304.197, KLD_latent: 10.197, KLD_decoder_params_norm: 79.877, Time: 10558.80 |
|Train : Update 189000. Negative ELBO : 390.290, BCE: 301.011, KLD_latent: 10.199, KLD_decoder_params_norm: 79.080, Time: 10604.46 |
|Train : Update 190000. Negative ELBO : 391.806, BCE: 303.307, KLD_latent: 10.185, KLD_decoder_params_norm: 78.314, Time: 10650.03 |
|Train : Update 191000. Negative ELBO : 392.855, BCE: 305.203, KLD_latent: 10.068, KLD_decoder_params_norm: 77.585, Time: 10695.03 |
|Train : Update 192000. Negative ELBO : 389.187, BCE: 301.898, KLD_latent: 10.418, KLD_decoder_params_norm: 76.870, Time: 10740.18 |
|Train : Update 193000. Negative ELBO : 390.346, BCE: 303.781, KLD_latent: 10.387, KLD_decoder_params_norm: 76.177, Time: 10785.74 |
|Train : Update 194000. Negative ELBO : 390.972, BCE: 305.046, KLD_latent: 10.422, KLD_decoder_params_norm: 75.504, Time: 10820.94 |
|Train : Update 195000. Negative ELBO : 387.614, BCE: 302.715, KLD_latent: 10.035, KLD_decoder_params_norm: 74.864, Time: 10853.92 |
|Train : Update 196000. Negative ELBO : 382.930, BCE: 298.838, KLD_latent: 9.862, KLD_decoder_params_norm: 74.230, Time: 10886.69 |
|Train : Update 197000. Negative ELBO : 390.934, BCE: 307.346, KLD_latent: 9.977, KLD_decoder_params_norm: 73.611, Time: 10919.15 |
|Train : Update 198000. Negative ELBO : 383.759, BCE: 300.564, KLD_latent: 10.179, KLD_decoder_params_norm: 73.016, Time: 10951.76 |
|Train : Update 199000. Negative ELBO : 391.299, BCE: 308.543, KLD_latent: 10.320, KLD_decoder_params_norm: 72.436, Time: 10984.27 |
|Train : Update 200000. Negative ELBO : 382.346, BCE: 300.528, KLD_latent: 9.955, KLD_decoder_params_norm: 71.863, Time: 11016.91 |
|Train : Update 201000. Negative ELBO : 381.758, BCE: 300.649, KLD_latent: 9.792, KLD_decoder_params_norm: 71.317, Time: 11049.65 |
|Train : Update 202000. Negative ELBO : 385.575, BCE: 304.833, KLD_latent: 9.979, KLD_decoder_params_norm: 70.764, Time: 11082.06 |
|Train : Update 203000. Negative ELBO : 386.157, BCE: 305.409, KLD_latent: 10.499, KLD_decoder_params_norm: 70.249, Time: 11114.29 |
|Train : Update 204000. Negative ELBO : 385.796, BCE: 306.014, KLD_latent: 10.032, KLD_decoder_params_norm: 69.750, Time: 11146.61 |
|Train : Update 205000. Negative ELBO : 378.836, BCE: 299.457, KLD_latent: 10.123, KLD_decoder_params_norm: 69.256, Time: 11178.86 |
|Train : Update 206000. Negative ELBO : 381.309, BCE: 302.427, KLD_latent: 10.115, KLD_decoder_params_norm: 68.766, Time: 11211.09 |
|Train : Update 207000. Negative ELBO : 383.236, BCE: 304.877, KLD_latent: 10.051, KLD_decoder_params_norm: 68.308, Time: 11243.25 |
|Train : Update 208000. Negative ELBO : 376.215, BCE: 298.098, KLD_latent: 10.272, KLD_decoder_params_norm: 67.845, Time: 11275.48 |
|Train : Update 209000. Negative ELBO : 377.586, BCE: 300.377, KLD_latent: 9.804, KLD_decoder_params_norm: 67.405, Time: 11308.07 |
|Train : Update 210000. Negative ELBO : 381.909, BCE: 304.744, KLD_latent: 10.187, KLD_decoder_params_norm: 66.978, Time: 11340.78 |
|Train : Update 211000. Negative ELBO : 381.054, BCE: 304.367, KLD_latent: 10.135, KLD_decoder_params_norm: 66.552, Time: 11373.13 |
|Train : Update 212000. Negative ELBO : 378.939, BCE: 302.797, KLD_latent: 10.006, KLD_decoder_params_norm: 66.136, Time: 11405.36 |
|Train : Update 213000. Negative ELBO : 380.931, BCE: 305.274, KLD_latent: 9.924, KLD_decoder_params_norm: 65.733, Time: 11437.88 |
|Train : Update 214000. Negative ELBO : 376.875, BCE: 301.702, KLD_latent: 9.844, KLD_decoder_params_norm: 65.330, Time: 11471.13 |
|Train : Update 215000. Negative ELBO : 378.189, BCE: 303.158, KLD_latent: 10.078, KLD_decoder_params_norm: 64.953, Time: 11503.67 |
|Train : Update 216000. Negative ELBO : 377.180, BCE: 302.305, KLD_latent: 10.296, KLD_decoder_params_norm: 64.578, Time: 11535.79 |
|Train : Update 217000. Negative ELBO : 380.635, BCE: 306.083, KLD_latent: 10.338, KLD_decoder_params_norm: 64.213, Time: 11567.96 |
|Train : Update 218000. Negative ELBO : 375.460, BCE: 301.493, KLD_latent: 10.123, KLD_decoder_params_norm: 63.845, Time: 11600.17 |
|Train : Update 219000. Negative ELBO : 375.576, BCE: 302.341, KLD_latent: 9.753, KLD_decoder_params_norm: 63.482, Time: 11632.39 |
|Train : Update 220000. Negative ELBO : 373.048, BCE: 299.794, KLD_latent: 10.118, KLD_decoder_params_norm: 63.136, Time: 11664.58 |
